171
1 5 2 10 11 12 13
2 5 1 3 7 9 13
3 5 2 4 5 9 18
4 4 3 18 20 22
5 3 3 22 171
6 4 11 13 21 23
7 4 2 9 13 18
8 2 10 12
9 4 2 3 7 18
10 5 1 8 11 12 24
11 6 1 6 10 13 21 24
12 6 1 8 10 15 16 27
13 8 1 2 6 7 11 18 23 29
14 2 15 26
15 4 12 14 16 26
16 6 12 15 17 26 27 42
17 7 16 26 42 46 79 82 91
18 7 3 4 7 9 13 20 25
19 5 26 28 30 31 46
20 7 4 18 22 25 29 41 56
21 5 6 11 23 24 29
22 5 4 5 20 41 171
23 4 6 13 21 29
24 5 10 11 21 27 29
25 3 18 20 29
26 7 14 15 16 17 19 28 46
27 6 12 16 24 29 36 42
28 3 19 26 30
29 9 13 20 21 23 24 25 27 36 56
30 5 19 28 31 33 47
31 5 19 30 46 47 91
32 3 35 39 43
33 3 30 47 51
34 3 39 72 74
35 4 32 43 44 170
36 5 27 29 42 54 56
37 6 39 49 74 87 108 114
38 3 67 70 72
39 6 32 34 37 43 74 114
40 9 41 71 80 99 102 104 106 111 171
41 7 20 22 40 56 58 71 171
42 5 16 17 27 36 82
43 6 32 35 39 44 45 114
44 5 35 43 45 53 170
45 7 43 44 53 55 114 115 120
46 5 17 19 26 31 91
47 8 30 31 33 51 62 65 91 94
48 5 53 61 63 68 69
49 4 37 74 87 88
50 3 51 52 75
51 6 33 47 50 64 65 76
52 2 50 75
53 8 44 45 48 55 57 59 61 170
54 4 36 56 58 82
55 4 45 53 59 115
56 6 20 29 36 41 54 58
57 5 53 61 69 77 93
58 6 41 54 56 71 80 82
59 5 53 55 77 93 115
60 5 80 85 89 104 168
61 4 48 53 57 69
62 5 47 65 81 83 94
63 4 48 68 106 109
64 3 51 65 76
65 7 47 51 62 64 76 84 98
66 4 68 100 109 122
67 4 38 70 72 73
68 8 48 63 66 69 107 122 145 149
69 6 48 57 61 68 93 107
70 4 38 67 78 90
71 4 40 41 58 80
72 6 34 38 67 73 74 88
73 7 67 72 78 88 90 101 112
74 6 34 37 39 49 72 88
75 5 50 52 76 84 98
76 5 51 64 65 75 84
77 3 57 59 93
78 3 70 73 90
79 3 17 82 86
80 8 40 58 60 71 82 85 86 104
81 4 62 83 94 97
82 7 17 42 54 58 79 80 86
83 7 62 81 96 97 98 113 117
84 4 65 75 76 98
85 2 60 80
86 5 79 80 82 89 91
87 5 37 49 88 108 112
88 6 49 72 73 74 87 112
89 7 60 86 91 94 96 97 168
90 6 70 73 78 92 101 103
91 7 17 31 46 47 86 89 94
92 3 90 95 103
93 8 57 59 69 77 107 115 116 118
94 6 47 62 81 89 91 97
95 3 92 103 105
96 6 83 89 97 117 124 125
97 5 81 83 89 94 96
98 5 65 75 83 84 113
99 3 40 104 111
100 4 66 109 119 122
101 6 73 90 103 112 123 128
102 3 40 106 171
103 6 90 92 95 101 105 128
104 6 40 60 80 99 111 168
105 2 95 103
106 4 40 63 102 109
107 8 68 69 93 118 134 135 142 145
108 5 37 87 110 112 114
109 8 63 66 100 106 111 119 126 167
110 6 108 112 114 121 129 133
111 6 40 99 104 109 167 168
112 8 73 87 88 101 108 110 121 123
113 3 83 98 117
114 8 37 39 43 45 108 110 120 129
115 6 45 55 59 93 116 120
116 5 93 115 118 120 136
117 5 83 96 113 124 169
118 5 93 107 116 132 135
119 5 100 109 122 126 127
120 7 45 114 115 116 129 136 138
121 4 110 112 123 133
122 6 66 68 100 119 127 149
123 5 101 112 121 130 133
124 4 96 117 125 169
125 3 96 124 169
126 5 109 119 127 166 167
127 7 119 122 126 146 148 149 166
128 4 101 103 130 131
129 6 110 114 120 133 138 140
130 6 123 128 131 133 141 153
131 4 128 130 143 153
132 5 118 135 136 139 154
133 7 110 121 123 129 130 140 141
134 4 107 135 137 142
135 5 107 118 132 134 137
136 5 116 120 132 138 139
137 5 134 135 142 151 154
138 4 120 129 136 140
139 7 132 136 140 151 154 158 165
140 6 129 133 138 139 147 165
141 5 130 133 144 147 153
142 4 107 134 137 145
143 6 131 152 153 159 161 164
144 5 141 147 153 159 160
145 7 68 107 142 149 150 151 155
146 4 127 148 149 157
147 9 140 141 144 160 161 162 163 164 165
148 4 127 146 157 166
149 7 68 122 127 145 146 150 157
150 4 145 149 155 157
151 7 137 139 145 154 155 157 158
152 2 143 153
153 6 130 131 141 143 144 152
154 4 132 137 139 151
155 4 145 150 151 157
156 3 157 158 165
157 10 146 148 149 150 151 155 156 158 165 166
158 5 139 151 156 157 165
159 4 143 144 160 161
160 4 144 147 159 161
161 5 143 147 159 160 164
162 3 147 163 165
163 4 147 162 164 165
164 5 143 147 161 163 165
165 9 139 140 147 156 157 158 162 163 164
166 5 126 127 148 157 167
167 4 109 111 126 166
168 4 60 89 104 111
169 3 117 124 125
170 3 35 44 53
171 5 5 22 40 41 102
