area
5.23912641156
5.54209952073
6.30963139529
8.72166832659
9.52052803439
9.73895721852
9.77692160421
11.02986998590
11.08514712030
11.13292206340
11.18032602010
11.40197042800
12.42214477690
13.05191663540
13.14396274950
13.25451701950
14.15552194630
14.30218566200
14.49114195230
14.52086217230
15.04123394360
15.34119793110
15.51020333830
15.76305191610
15.79083475630
15.80233536880
16.05337023080
16.06874559970
16.07439285360
16.22385958830
16.47460590260
16.51879463370
17.16934179150
17.22362962460
17.86049146480
18.31338473690
18.47653678540
18.55085794370
19.58385197270
19.83966845030
20.34697321760
20.49005072230
20.76602418750
21.42770096700
21.52700194900
22.00631777390
22.06893221530
22.19589237660
22.33369361600
22.72710522810
23.24207706910
23.24360224020
23.60815926890
23.66582721280
23.78223483890
24.00997993200
24.15726196150
24.26958872570
24.41324332200
24.91172683380
25.49825803820
25.53144080760
25.59900175210
25.61627327780
26.01702219840
26.02019620090
26.07790536600
26.21591270900
26.25449540660
26.61723872060
26.88772980950
27.21658960370
27.22149488130
28.00073347320
28.83545530450
28.99168225350
29.17779430580
29.76774684090
29.90521831080
30.25180305970
30.35926576740
30.64166968040
31.00420689090
31.08153717100
31.08335088640
31.21352627110
31.70360073070
32.08159575280
32.16321299870
32.39371988470
32.41610279890
33.00692096890
33.06607286140
33.21768307910
34.08266099840
34.12643752100
34.40290563560
34.46976582250
34.47800998910
34.56201804250
34.70427113210
34.74845986300
34.79396765960
34.90654174900
35.26586373490
35.66574701850
36.25883233590
36.54733693180
36.57602662980
36.64342268760
36.67396732550
36.88031880680
36.96688254830
37.01412162280
37.02619932630
37.27381285870
37.41021258650
37.45192806980
37.51169827510
37.65576507920
37.91475556150
38.43644639990
39.02194708640
39.05018335400
39.21828190500
39.76890976590
39.86025512470
39.94644788430
39.98614354670
40.01763625880
41.06464536950
41.57578367590
41.72376646170
41.94260785540
42.20143345070
42.27249816260
42.34719030790
42.74983538590
42.76207797590
42.81216128410
42.90457838630
43.15190337310
43.45306276580
43.61386522590
43.65830128310
43.76118847870
44.16210228270
44.63564718830
44.76400885770
44.82250121730
44.95407810840
45.03907546330
45.11277831000
45.45070668210
45.79246859390
46.09696687240
47.08243327950
47.08630804020
47.12497318080
47.27307962510
48.61823900630
48.86469835540
48.86469835590
49.07381163120
49.20744956570
49.87411406700
50.21942096890
50.64432529740
51.23143358910
51.38110643150
51.46750529290
51.59162121810
51.91314369840
52.23685088470
52.67441000820
53.25850918310
53.66214356310
53.97834855600
53.99895897340
54.02748378780
54.06322224810
54.52205132090
54.56607517180
54.92160483610
55.55830179240
55.62305972000
55.70937613980
56.11692649690
56.18139587620
56.35460580760
56.61990307620
56.62109848200
56.67843665770
56.68680448690
56.73824808350
56.97242362520
57.04394176890
57.18491700880
58.09383633240
58.10830484610
58.24264353390
58.67199971190
59.36694170230
59.59885009670
59.67852996510
59.72923158880
59.73632156990
60.10355795370
60.15186876900
60.78023912020
61.13815959420
61.26437777810
61.54764733110
61.70952153540
61.95585722190
62.29127112250
62.94746553480
63.65510354140
64.05317310670
64.19023236970
64.27753809380
64.30305378520
64.37457192640
64.80739065730
65.06399032810
65.26139688750
65.69796671180
66.02699138290
66.55960574430
66.66570816280
66.77465481930
66.78149748060
66.98030554180
67.16864352140
67.34626408390
67.53159293990
68.02537727590
68.06758740670
68.22624638670
68.41499657090
68.56067098780
69.23252931230
69.78237398150
69.97330887070
70.44491639690
71.65524244220
71.92610452370
72.93209890500
73.25778469200
73.42048331280
73.53285129770
73.57378358070
73.76896421840
73.86039202380
74.28661541380
74.28991308390
74.39082167760
74.65578917890
75.00480595500
75.65832101110
75.67221243270
76.34213337990
76.39279378270
76.40598444410
76.90038709350
76.92042041890
77.37063433380
77.50427226980
77.94401609840
79.06868525170
79.18076469160
79.91424816300
79.92822202440
80.53087057130
81.94177717870
82.05092993950
82.41429156670
82.50674989140
82.66087457830
82.67241641000
83.05688310310
83.64848446510
84.54788178120
84.86231428180
86.30776394730
86.34032840480
87.08597201720
87.19162100810
87.57658235100
89.07965873210
89.21131806900
91.55035291050
91.55233151080
91.78085979280
92.20728929640
92.25085971260
92.62559828840
93.11084991170
93.29556045340
93.51860637350
95.16970676390
95.45198701190
97.68710413680
97.85182257700
98.12528156930
99.92419986170
100.35953305900
100.94977414200
100.96778763900
101.45567739700
101.50328746100
102.03346979500
102.27415822300
102.41031063000
102.50421168000
102.87767241300
103.15356343300
103.41197682600
103.94986745000
104.12146976900
104.85454102800
105.12189934000
105.40026361200
106.50691926400
106.57480997300
106.65964244500
106.69863735100
107.29502033400
107.42634990200
107.53756370400
108.96013580700
109.73282028600
109.94531367300
110.07346923500
111.07711403000
111.67972135800
112.91498600500
113.06090774800
113.22801699600
114.49877277600
114.63533739000
115.03728171500
115.16185106600
115.32380771500
115.32731148200
115.80572044900
115.86314106500
116.28907591500
116.71179554100
117.05854516700
117.47561753500
117.79396601600
119.45710289000
119.49164594400
119.75191427100
120.04041887100
120.11201945600
120.27327534100
120.44796922400
120.98693159400
121.08000823200
121.17489858300
121.52779011700
123.26982366000
123.70239506100
124.05701787100
124.25458931400
124.47371925200
125.00315961600
125.07781053400
125.35023900400
125.69773061000
126.36439511400
127.84677863900
128.44658295700
128.49913951400
128.50668292800
129.19160825900
129.86684669300
129.99986631100
131.55694198800
133.54176622700
133.73484459600
134.19754842700
135.03540303900
135.36652997300
137.69633134700
138.77508049800
139.35340876400
141.20978889200
141.72945990400
141.77265933800
142.32839858000
142.72642692500
142.94893697500
142.96559018900
143.22021126200
143.91333953800
146.36935909600
147.71703294800
147.80866685600
149.02393940000
150.03492150000
150.92088082000
151.26272517800
152.25482813600
152.42325645700
154.04356488300
155.36551693900
155.54540464700
155.55002137600
157.32305298600
157.32321786800
158.05352733700
159.71130550000
160.04383394300
162.80567084900
165.40526255800
165.48304625900
166.31987036300
167.05665149500
168.43985770500
168.47811063400
174.02684671500
174.38715799600
174.80971273200
174.96709386200
175.03906543900
175.14467320500
176.48826619700
178.21360530100
178.57012427100
178.78302986500
179.24561003200
179.73259292900
179.83585111200
181.05021679200
181.96940010800
183.69424456200
185.17930745000
187.18989470600
193.55146435600
193.97463740500
194.10407081100
196.99921587900
201.83606820500
202.45792565500
203.17401393900
203.78721501700
205.63625784600
207.55261428200
207.61778441700
208.40572060400
210.28196916200
211.46546045400
214.77607027700
214.91411884600
215.16494759800
215.18704196500
221.45454567200
222.46969107800
225.00332946600
228.36847445200
232.71405690600
234.11927504100
236.41947986200
242.72956468000
248.81841730500
248.93169214800
251.03556214600
254.22407587300
254.93525887500
255.51441155200
258.07908922200
259.17366716600
259.75389159100
261.57069971900
262.76556795000
263.84361634600
264.83926429400
269.84009308800
271.58356936200
272.49718785700
274.84817674000
277.10328596500
277.37897088800
278.26715613600
278.79189731600
283.34288317400
287.60383926400
288.00673166700
288.38270687000
288.98745768000
294.47114728300
296.72761680500
297.66848227000
298.78288743400
300.83720999700
301.35964280900
304.81036223800
304.88942379700
305.99183369800
308.09042743600
309.59704881500
312.98127904400
313.77399684500
314.26778118200
322.70675705400
323.52020893100
326.42252642800
328.19778396500
332.11957505400
333.72603328600
334.19191111800
336.23902003300
339.61203820000
342.72330408800
343.64788732700
343.88935896000
344.65417025500
350.27458935800
353.68107883600
358.48953000800
362.82484847600
364.50995605300
366.37680627700
374.19384224300
374.43861153600
375.95454881200
379.62118296700
381.55922156200
384.47328699000
386.60518715000
389.42036382100
389.76093032900
392.99408621300
395.46296666900
400.33176513300
404.06591900400
404.53216782400
407.28287510600
409.17181967900
410.03700370900
410.95544505200
411.30619310500
418.67276782900
424.68058029900
429.91987159500
448.48457973800
467.86175046000
467.99246171800
471.56832759000
473.00512087800
482.38529198900
499.92904259200
500.45996689500
501.70355815000
504.16027845200
507.14606813900
508.29761327500
511.97657245000
512.63107681000
513.31394109500
528.74487678200
541.14385544300
542.28975332600
542.90085215000
564.42847241400
582.02094603900
589.03058959100
595.48519464200
606.15858688800
612.20770262700
613.76733398300
614.27678224000
628.16964505400
644.23125944300
663.46803201900
665.67656171200
689.10701797600
697.89142440500
708.75661717300
712.10535627700
713.08575251900
725.20863406200
743.97561282400
744.92027061200
752.12678484500
769.50387961800
817.98229758600
840.75734262800
937.01659840200
1011.82548174000
1053.30983762000
1063.21895443000
1080.36294541000
1085.47107201000
1111.11681819000
1129.95519144000
1264.66086904000
1279.90993842000
1288.90733289000
1294.32882024000
1329.43301590000
1373.63518481000
1394.24646600000
1418.05429898000
1421.47599894000
1450.83726717000
1558.29127625000
1598.46955008000
1826.05919816000
1865.14915964000
1879.35661981000
1910.83968909000
1911.53261127000
2081.07380715000
2231.13234818000
2370.95023325000
2449.15624895000
2521.99605442000
3671.57652476000
4591.34987242000
5369.75584395000
